- id: doi:10.1016/j.patcog.2026.113097
- id: 10.1016/j.knosys.2025.115133
- id: 10.1016/j.patcog.2025.112770
- id: 10.1109/TKDE.2025.3592126
#- id: arxiv:1806.05726
